; Example configuration file for the quadcopter simulation program

[SimulationParameters]
mpc_rate = 50 ; Hz
horizon = 5.0 ; Hz
x_0=-2.0,-2.0,0.0,0.0,0.0,0.0,0.0,0.0,0.0,0.0,0.0,0.0
x_star=2.0,2.0,0.0,0.0,0.0,0.0,0.0,0.0,0.0,0.0,0.0,0.0
sim_time=15.0

[ControllerParameters]
num_iterations = 20
num_discretizations = 5
learning_rate = 0.5

[QuadcopterParameters]
m = 0.468 ; kg
g = 9.81 ; m/s^2
l = 0.225 ; m
k = 0.00000298 ; N*s^2/rad^2
b = 0.000000114 ; N*m*s/rad
I_xx = 0.004856 ; kg*m^2
I_yy = 0.004856 ; kg*m^2
I_zz = 0.008801 ; kg*m^2
u_max = 20.0 ; rad^2/s^2

[CostFunctionParameters]
Q_f = 1000,1000,1000,1000,1000,1000,1000,1000,1000,1000,1000,1000
R = 0.001,0.001,0.001,0.001
sigma = -2.0